% -------------------------------------------------------------------
%  Generated by MATLAB on 3-Jul-2023 03:19:35
%  MATLAB version: 9.13.0.2193358 (R2022b) Update 5
% -------------------------------------------------------------------
                                 

a = 29;

ans = 0.33333333333333331;

b = 2;

c = 3;

