% -------------------------------------------------------------------
%  Generated by MATLAB on 1-Jul-2023 23:12:25
%  MATLAB version: 9.13.0.2193358 (R2022b) Update 5
% -------------------------------------------------------------------
                                 

a = 2400;

ans = complex(0,1);

b = 3.7;

c = -0.000214;

i = 4;

j = 6;

v = [3 5];

